1,1,1.00,300,"P3ii.0"
2,1,10.00,320,"P3ii.2"
3,1,30.00,340,"P3ii.4"
4,1,50.00,360,"P3ii.6"
5,1,70.00,380,"P3ii.8"
6,1,90.00,400,"P4.0"
7,2,10.00,420,"P4.2"
8,2,30.00,440,"P4.4"
9,2,50.00,460,"P4.6"
10,2,70.00,480,"P4.8"
11,2,90.00,500,"P5.0"
12,3,10.00,520,"P5.2"
13,3,30.00,540,"P5.4"
14,3,50.00,560,"P5.6"
15,3,70.00,580,"P5.8"
16,3,90.00,600,"P6.0"
17,4,10.00,620,"P6.2"
18,4,30.00,640,"P6.4"
19,4,50.00,660,"P6.6"
20,4,70.00,680,"P6.8"
21,4,90.00,700,"P7.0"
22,5,10.00,720,"P7.2"
23,5,30.00,740,"P7.4"
24,5,50.00,760,"P7.6"
25,5,70.00,780,"P7.8"
26,5,90.00,800,"P8.0"
27,6,10.00,816,"P8.2"
28,6,30.00,850,"P8.4"
29,6,50.00,883,"P8.6"
30,6,70.00,900,"P8.8"
31,6,90.00,916,"P9.0"
32,7,10.00,950,"P9.2"
33,7,30.00,983,"P9.4"
34,7,50.00,1000,"P9.6"
35,7,70.00,1016,"P9.8"
36,7,90.00,1050,"P10.0"
37,8,10.00,1083,"P10.2"
38,8,30.00,1100,"P10.4"
39,8,50.00,1116,"P10.6"
40,8,70.00,1150,"P10.8"
41,8,90.00,1183,"P11.0"
42,9,10.00,,"P11.2"
43,9,30.00,,"P11.4"
44,9,50.00,,"P11.6"
45,9,70.00,,"P11.8"
46,9,90.00,,"P12.0"
47,10,10.00,,"P12.2"
48,10,30.00,,"P12.4"
49,10,50.00,,"P12.6"
50,10,70.00,,"P12.8"
51,10,90.00,,"P13.0"
52,11,10.00,,"P13.2"
53,11,30.00,,"P13.4"
54,11,50.00,,"P13.6"
55,11,70.00,,"P13.8"
56,11,90.00,,"P14.0"
57,12,10.00,,"P14.2"
58,12,30.00,,"P14.4"
59,12,50.00,,"P14.6"
60,12,70.00,,"P14.8"
61,12,90.00,,"P15.0"
62,13,10.00,,"P15.2"
63,13,30.00,,"P15.4"
64,13,50.00,,"P15.6"
65,13,70.00,,"P15.8"
66,13,90.00,,"P16.0"
67,14,10.00,0,"PP0.2"
68,14,30.00,0,"PP0.4"
69,14,50.00,0,"PP0.6"
70,14,70.00,0,"PP0.8"
71,14,90.00,0,"PP1.0"
72,15,10.00,0,"PP1.2"
73,15,30.00,0,"PP1.4"
74,15,50.00,0,"PP1.6"
75,15,70.00,0,"PP1.8"
76,15,90.00,0,"PP2.0"
77,16,10.00,0,"PP2.2"
78,16,30.00,0,"PP2.4"
79,16,50.00,0,"PP2.6"
80,16,70.00,0,"PP2.8"
81,16,90.00,0,"PP3.0"
82,17,10.00,0,"PP3.2"
83,17,30.00,0,"PP3.4"
84,17,50.00,0,"PP3.6"
85,17,70.00,0,"PP3.8"
86,17,90.00,0,"PP4.0"
87,18,10.00,0,"PP4.2"
88,18,30.00,0,"PP4.4"
89,18,50.00,0,"PP4.6"
90,18,70.00,0,"PP4.8"
91,18,90.00,0,"PP5.0"
92,19,10.00,0,"PP5.2"
93,19,30.00,0,"PP5.4"
94,19,50.00,0,"PP5.6"
95,19,70.00,0,"PP5.8"
96,19,90.00,0,"PP6.0"
97,20,10.00,0,"PP6.2"
98,20,30.00,0,"PP6.4"
99,20,50.00,0,"PP6.6"
100,20,70.00,0,"PP6.8"
101,20,90.00,0,"PP7.0"
102,21,10.00,0,"PP7.2"
103,21,30.00,0,"PP7.4"
104,21,50.00,0,"PP7.6"
105,21,70.00,0,"PP7.8"
106,21,90.00,0,"PP8.0"
107,22,10.00,0,"PP8.2"
108,22,30.00,0,"PP8.4"
109,22,50.00,0,"PP8.6"
110,22,70.00,0,"PP8.8"
111,22,90.00,0,"PP9.0"
112,23,10.00,0,"PP9.2"
113,23,30.00,0,"PP9.4"
114,23,50.00,0,"PP9.6"
115,23,70.00,0,"PP9.8"
116,23,90.00,0,"PP10.0"
117,24,10.00,0,"WP0.2"
118,24,30.00,0,"WP0.4"
119,24,50.00,0,"WP0.6"
120,24,70.00,0,"WP0.8"
121,24,90.00,0,"WP1.0"
122,25,10.00,0,"WP1.2"
123,25,30.00,0,"WP1.4"
124,25,50.00,0,"WP1.6"
125,25,70.00,0,"WP1.8"
126,25,90.00,0,"WP2.0"
127,26,10.00,0,"WP2.2"
128,26,30.00,0,"WP2.4"
129,26,50.00,0,"WP2.6"
130,26,70.00,0,"WP2.8"
131,26,90.00,0,"WP3.0"
132,27,10.00,0,"WP3.2"
133,27,30.00,0,"WP3.4"
134,27,50.00,0,"WP3.6"
135,27,70.00,0,"WP3.8"
136,27,90.00,0,"WP4.0"
137,28,10.00,0,"WP4.2"
138,28,30.00,0,"WP4.4"
139,28,50.00,0,"WP4.6"
140,28,70.00,0,"WP4.8"
141,28,90.00,0,"WP5.0"
142,29,10.00,0,"WP5.2"
143,29,30.00,0,"WP5.4"
144,29,50.00,0,"WP5.6"
145,29,70.00,0,"WP5.8"
146,29,90.00,0,"WP6.0"
147,30,10.00,0,"WP6.2"
148,30,30.00,0,"WP6.4"
149,30,50.00,0,"WP6.6"
150,30,70.00,0,"WP6.8"
151,30,90.00,0,"WP7.0"
152,31,10.00,0,"WP7.2"
153,31,30.00,0,"WP7.4"
154,31,50.00,0,"WP7.6"
155,31,70.00,0,"WP7.8"
156,31,90.00,0,"WP8.0"
157,32,10.00,0,"WP8.2"
158,32,30.00,0,"WP8.4"
159,32,50.00,0,"WP8.6"
160,32,70.00,0,"WP8.8"
161,32,90.00,0,"WP9.0"
162,33,10.00,0,"WP9.2"
163,33,30.00,0,"WP9.4"
164,33,50.00,0,"WP9.6"
165,33,70.00,0,"WP9.8"
166,33,90.00,0,"WP10.0"
167,34,10.00,0,"WP10.2"
168,34,30.00,0,"WP10.4"
169,34,50.00,0,"WP10.6"
170,34,70.00,0,"WP10.8"
171,34,90.00,0,"WP11.0"
172,35,10.00,0,"WP11.2"
173,35,30.00,0,"WP11.4"
174,35,50.00,0,"WP11.6"
175,35,70.00,0,"WP11.8"
176,35,90.00,0,"WP12.0"
177,36,10.00,0,"WP12.2"
178,36,30.00,0,"WP12.4"
179,36,50.00,0,"WP12.6"
180,36,70.00,0,"WP12.8"
181,36,90.00,0,"WP13.0"
182,37,10.00,0,"WP13.2"
183,37,30.00,0,"WP13.4"
184,37,50.00,0,"WP13.6"
185,37,70.00,0,"WP13.8"
186,37,90.00,0,"WP14.0"
187,38,10.00,0,"WP14.2"
188,38,30.00,0,"WP14.4"
189,38,50.00,0,"WP14.6"
190,38,70.00,0,"WP14.8"
191,38,90.00,0,"WP15.0"
192,39,10.00,0,"WP15.2"
193,39,30.00,0,"WP15.4"
194,39,50.00,0,"WP15.6"
195,39,70.00,0,"WP15.8"
196,39,90.00,0,"WP16.0"
197,40,10.00,0,"WP16.2"
198,40,30.00,0,"WP16.4"
199,40,50.00,0,"WP16.6"
200,40,70.00,0,"WP16.8"
201,40,90.00,0,"WP17.0"
